206712
143112
1413612
244812
72612
6612
612
19212
3012
63912
287712
5412
6012
2096112
120012
16812
81612
104112
45612
14412
44112
166212
414612
106812
549912
423912
371112
98112
4812
8412
14112
12012
19512
28812
24612
27012
18012
312012
576612
135012
9525612
117612
2381412
29412
548112
3312
1512
4212
5712
3612
60012
4512
2712
1812
206712
143112
1413612
244812
72612
6612
612
19212
3012
63912
287712
5412
6012
2096112
120012
16812
26412
54912
10812
14112
6312
22212
3912
12012
14412
3612
960612
316212
308412
1741212
310212
322212
723612
865812
715812
1151412
517212
30012
81612
8412
45612
1492812
457212
74412
10212
59412
42912
439212
412512
360312
135612
2412
64812
7212
4812
84012
34212
76812
116412
68412
130812
31812
9612
312012
117612
576612
29412
135012
2381412
2112
93912
13212
478212
5712
4212
1512
60012
95412
9525612
52212
142812
37212
40812
150312
58812
148812
256212
160812
217812
193212
241812
200412
352212
152412
151212
225012
183612
88812
171012
63612
76212
64212
100212
100812
134412
70212
153612
240612
53712
174012
185412
165612
102012
82812
247812
67212
141012
106212
230412
895212
693012
