620
9608
608
2408
632
14412
624
225624
612
17424
616
1216
1816
96016
5416
99616
100216
7816
7216
3616
10816
9616
16816
15016
3632
158412
3012
20712
1212
24612
912
261912
183912
62412
206712
1798824
87624
323424
168024
733524
1556124
247224
287712
156612
65712
33612
39012
4512
3612
49212
5412
2416
16216
8416
6016
12016
37816
15616
18016
20416
6616
4816
9016
3016
11416
24016
4216
22816
22216
21616
13816
51616
12616
53112
49812
106212
265212
66312
6012
120012
1085112
1009812
235812
79812
228312
257412
37212
31812
55212
225912
183012
153012
135312
371712
306612
1133412
1114212
1007412
518412
1891812
1207812
905412
360912
43212
1789212
1094712
836112
1473312
39612
312012
936032
117612
576612
135012
29412
2381412
789312
1111512
1412112
2112
1512
1812
60012
30616
24616
187824
289824
280224
216024
36016
87012
72612
40812
67212
150312
90612
119412
58812
48012
272112
166812
163812
200412
60024
58224
165612
135624
66024
249012
174012
160224
284412
193212
96624
102024
119112
277812
186624
159612
55224
151212
225012
99624
45024
286812
190224
213024
433212
4212
100224
76224
57024
49824
138612
76212
74424
78012
128412
39624
120612
93624
100212
100812
33624
44424
38424
98412
72624
201612
70212
122424
5440
36616
640
885012
1278612
561312
52212
20112
2412
7812
1125612
68412
188712
538512
130212
129312
23416
39016
15012
192312
613812
282312
401712
38416
104412
262212
184812
456012
11412
34824
48624
54024
140412
98424
261012
339612
195612
63612
53712
45912
185412
92424
80424
316212
152412
135912
180624
349212
858632
367812
91212
199812
64212
48024
50424
102012
82812
58824
95424
939012
261624
226824
233412
93024
106824
269712
165012
143412
18012
97824
85824
174612
54624
4224
69612
9612
139812
52824
59412
169212
75012
210312
39024
39324
105624
754232
78024
207024
210624
145212
16812
203412
142812
217812
212424
82824
118212
247812
219612
202812
55824
49828
64812
78612
75612
4812
171012
127212
82212
45624
77412
130512
37224
13216
52812
156012
27616
19816
70216
48616
54616
10216
59416
19216
17416
43216
14416
71416
35416
259812
1814412
684012
1988412
1906812
1578312
429612
611112
590712
1036812
132612
116112
177012
184212
222612
451512
309612
34216
28216
1382432
21016
1203012
1197612
32416
27016
1210212
630912
163212
314112
864012
233424
84024
186024
84624
198012
57612
304212
36024
287412
193224
18616
100824
304512
1263632
144612
281412
1195232
1117832
1031432
3494412
2104812
1539612
658832
110712
698412
222312
1951812
422712
562212
46812
86412
485112
342912
25812
110412
692712
111612
415512
88812
59112
67812
354912
137412
22812
542424
179124
637824
591924
9624
60016
91812
59124
251412
303612
307212
94824
2540712
215412
71412
635412
679512
134412
1247112
537312
26416
561612
99312
77112
470412
213012
458412
199512
219912
81612
34812
94512
216612
150912
19212
205212
8412
185124
281112
132912
219012
186012
179412
257112
1471224
172824
123332
201024
647712
156324
176424
79224
30012
354012
17412
13212
37216
40816
43816
126612
1621224
20412
289812
15612
337812
995112
974712
31216
497112
86712
33616
39616
108912
1623024
630312
812412
586812
42016
204012
101712
1108832
25212
60912
134712
13812
889512
7212
9525612
535812
243012
57016
37812
48016
1760712
474624
109824
262824
215112
34816
143424
403812
51012
12012
2296212
244812
10812
132624
1435812
47412
648012
255012
1321224
154824
31816
57624
159624
190824
169812
1413624
1294212
900324
3624
785712
442812
2316924
7224
93324
27612
6040
2440
234612
3279612
393012
85812
101412
410712
30312
27012
22512
55512
66624
3147612
271224
139224
2386828
4828
182728
1113012
2344212
192012
35424
41424
88224
168012
25816
54016
8448
27624
1664124
62712
46824
438012
57012
239712
340212
227412
530424
19224
46216
890728
2428
68416
177024
69616
76216
154512
78016
73216
323412
587724
42612
74416
66016
53416
49216
49816
63616
67216
276612
62416
58216
45616
70824
295812
231912
51024
24012
1316124
93012
442224
395412
227712
395112
263712
260724
100512
1710912
366312
2296512
459612
1086312
181512
252912
383412
670812
65412
360012
113112
195012
360612
309012
28512
179112
17712
14112
5256032
3312
5712
203112
63912
233712
267912
639912
378312
655212
2712
2096112
271512
160812
329712
293712
76812
673812
246012
136212
408912
100816
38112
170412
225612
117012
28812
56412
32412
44112
202524
87312
22212
534012
45612
84912
26412
6312
423912
225028
111012
351012
133512
127812
549912
110112
602712
363612
12312
343812
89112
79212
85512
28212
269412
267612
42912
93612
642912
184224
72012
343224
340512
171312
1283724
99016
31212
700524
104112
108012
762912
9912
662712
163512
19512
98416
417012
915624
1824
2344524
170112
138312
353712
114012
1373112
228612
592512
429012
69012
45012
19812
1244112
97816
129612
83712
382512
455112
97216
96616
21612
95416
123312
6612
12612
94816
223812
94216
29416
36012
753912
96612
375912
83112
40216
124212
81912
330612
73512
41416
238212
867012
130812
95412
290712
322812
5342432
50412
112512
5410832
42616
21012
191412
405312
659712
736512
421212
525312
1650024
585612
152112
106812
543912
151532
342612
284712
591612
18312
44416
280824
360312
236412
400812
422412
270312
262812
166512
197112
171612
5529632
397824
194424
286824
555912
742512
118824
86112
132012
261612
675012
274812
289512
5461232
1516
4029912
6764712
147324
109512
396012
35712
185112
1291212
872412
721812
803412
723612
2137212
517212
9312
133212
4946432
308712
259224
256212
160828
153612
102612
773412
1434312
637512
10512
581712
103512
544812
1141212
168912
34512
88212
43812
23412
107712
174912
265512
132312
413412
54012
9012
200112
275112
540912
67224
263112
29112
192612
386712
472212
63012
13512
627612
87912
2271632
407712
60312
11712
406812
175212
70812
157512
265812
25216
486912
34212
945612
90312
433812
90012
483912
914128
23428
777312
38428
6928
84012
166212
74412
752412
69016
639312
70816
1220412
115212
282612
327012
73816
259512
1097112
89412
211212
1407912
1000812
1634112
175512
326412
312612
1035012
692412
1061432
932
234312
149412
342012
299112
319812
788112
2073312
2857812
1065012
1233612
969612
4403712
1915812
1923612
1216512
18612
66012
548712
126312
288612
78616
79216
79816
80416
81016
81616
84016
15312
50712
352212
294312
276312
561912
17112
412212
311112
498012
368712
228012
64816
68112
96012
8712
195312
16212
177612
170712
58212
410112
52216
581412
116412
564912
253812
399912
371112
745512
172812
211812
23112
243612
423012
1945512
131112
73212
787812
227112
40824
172212
147012
457212
823824
522912
1232712
2145912
294612
325212
144012
305712
372912
468012
221412
628812
1335312
936912
639012
796512
1257312
42024
680724
2063412
54912
99012
777024
1091424
7524
291912
927912
2382312
152712
1162812
208812
258612
303012
1844712
664512
540012
200712
53412
65424
182412
675912
575112
739812
547812
268212
98112
548112
134112
139824
10824
386412
50112
620
5408
2408
608
14412
624
225624
612
17424
616
1216
1816
96016
5416
99616
8416
7216
3616
10816
9616
7816
19216
17416
20712
39012
24612
33612
147012
1798824
1091424
201624
349812
573012
83424
323424
81612
1212
912
261912
4512
3612
183912
287712
5412
2416
27016
16216
3016
15616
6016
12016
20416
4816
13216
15016
9016
18616
6616
22816
4216
32416
22216
31216
30016
34816
34216
11416
10216
16816
14416
48616
24616
13816
43216
54016
253824
654624
87624
193224
72612
53712
115224
77424
153624
154512
30616
21616
36016
18016
37816
23416
26416
6012
2096112
120012
5529632
312012
3912
12012
54912
10812
960612
308412
1741212
723612
865812
715812
1151412
517212
457212
904812
8412
13812
10212
135612
7212
3012
84012
76812
127812
34212
130812
64812
9612
5306432
117612
576612
135012
29412
2381412
2112
93912
13212
478212
1512
60012
95412
9525612
28216
1958112
1492812
956112
859812
1628412
408612
388812
640
3040
5440
1840
36616
2440
53416
310212
316212
412512
22212
45612
4812
30012
14112
6312
4212
322212
16812
360312
26412
5712
74412
68112
43212
31816
48012
29416
35416
54616
1036812
18024
156324
216612
25816
48016
38416
19816
51016
70216
1266012
795612
40816
915612
507612
486012
667812
630912
163212
322812
48024
85512
71416
830412
1091412
721812
164724
49224
94512
25216
40216
3632
179124
227712
1283724
427812
115212
108012
709212
31812
354912
415512
55212
69012
458412
429012
399912
371112
745512
54012
1223412
32412
37212
872412
5479232
1287012
5410832
5342432
17412
549912
47412
383412
186012
12312
16212
270312
124212
1208
4208
158412
65712
49212
4919432
37216
98412
1471224
5401832
138912
246012
20412
105912
83112
89112
139212
72012
11412
70212
268812
112212
337212
33012
21612
23412
20112
7812
132012
21012
172212
18012
27012
19212
10512
19512
2412
3312
233712
247812
48912
52216
5333432
5238032
163512
104712
366312
87312
276612
360012
639912
2712
1812
48612
12616
17712
243012
62412
201612
12912
108912
42016
267912
252912
75012
86412
423912
65412
203112
111012
1589412
181512
295812
152112
28812
104112
706812
408912
28512
29112
133512
1556124
51012
99312
258612
13512
44412
123312
109512
152412
386712
1203012
75612
200412
56412
112512
77412
166512
132312
91212
351012
752412
96612
106812
330612
472212
262812
24016
43816
403812
1650024
41416
58216
5169632
5074232
5005832
4833032
125712
168312
344412
166212
165012
263112
19812
57616
50416
58212
11712
55816
82212
132624
93324
263712
434712
33016
49216
143424
127224
5265032
595812
134712
60024
57624
132912
45016
340512
63912
231612
50412
350112
51616
534012
257112
61212
61216
1155324
5101232
59412
49812
273012
23712
39016
55216
9608
7808
6008
19808
1808
20408
18608
9008
75016
59112
45616
72016
162624
67816
136812
70816
72616
67216
63616
42612
60616
42616
46216
44416
60016
6612
73512
268212
222312
93012
27616
93612
917412
405012
351612
15312
180012
22812
57016
39616
1516
21016
52816
49816
46816
228612
163228
630928
672012
89412
52212
28816
195312
36612
52812
67212
302412
42912
211212
68412
33616
157212
583212
1630812
1401024
914128
23428
38428
6928
88812
285612
807612
237612
169512
504912
515412
2058612
2145612
1479012
1225212
5470232
739812
5392832
5324432
362412
37812
458712
5014832
4928432
46812
2481612
88212
518112
429612
876012
44112
33912
124512
186912
234612
5256032
103212
455112
25812
26112
90312
12612
540912
417012
288612
143412
329412
96312
30612
168012
234312
141612
148212
64512
211812
176412
149412
190212
40812
51612
299112
265212
1220412
1141212
243612
585612
116412
103512
168912
323412
544812
251412
191412
628812
24012
111612
294612
126312
150312
265512
23112
120612
627612
1097112
36012
43812
171012
945612
777312
75312
121512
372912
134112
486912
174912
1373112
56416
58816
277512
63012
82812
1086312
978012
259512
407712
175212
581412
15012
5083232
34512
773412
344712
639312
53412
5178632
102012
59416
96012
8712
439212
67812
249612
27312
257412
245412
60312
1060812
1291212
1030212
146412
789612
2577612
477612
819012
661212
550212
102912
297312
167412
278112
519312
555012
5110232
442812
45912
96912
790212
427512
557112
944712
238212
134412
290712
659712
15912
32712
25212
269112
7512
129612
106212
35412
170412
78012
69616
69016
68416
65416
119412
73212
64216
156612
5187632
405312
421212
481512
525312
22512
238512
62416
61816
47416
780012
1182624
64212
131412
482412
1202412
2412012
182712
71412
38412
386412
177312
206712
219912
123012
231912
438012
40512
9312
34812
9012
141012
70512
41412
250212
66016
272112
252024
1316124
145512
1002612
63016
97812
269412
564912
57612
342012
1557612
152712
100812
69612
107112
77112
3008
235212
16208
8408
24008
3608
23408
22208
212424
289824
187824
262824
142812
194412
58224
55224
136824
284412
193212
166812
190224
78024
6624
436212
160212
168024
183612
160824
264012
135624
82824
66024
437412
269712
118212
67224
180624
314112
76224
261624
100224
57024
164412
34824
38424
99624
39624
138612
76212
5424
279012
70812
174012
185412
106824
74424
45624
100824
44424
224412
210312
127212
42024
95424
49824
91224
62424
50424
160224
223212
126024
75024
220512
289512
72624
180312
58812
226824
225612
144612
159624
190824
240924
261012
203412
163812
486612
54624
45024
4224
99024
182412
242412
87012
110412
100512
52824
199812
78612
65424
98424
423012
266412
219012
151212
225012
78624
9024
91812
213024
1147512
277812
85812
184212
895212
693012
85224
278412
3920112
6024
43224
100212
122424
803412
2137212
93624
27624
207024
49828
37224
174612
493812
186624
271224
92424
33624
286812
233424
165612
55824
304212
84624
940212
632
5274032
21608
5032832
5119232
834012
4672812
675912
303012
1424412
76824
139224
145212
64824
148812
105612
2310624
51024
1968924
2057724
140412
1413624
195924
151524
128724
342312
415812
92412
167112
35712
4946432
1945512
98112
548112
325812
15612
57012
79212
185112
736512
1386612
184224
31212
340212
58824
186024
59124
90012
176424
71712
40824
62712
40224
110112
240612
63612
27612
343812
172824
66624
31224
177612
422412
39312
84912
395412
867012
318012
26712
394512
219612
202812
262212
422112
542424
177024
764712
752112
368712
150912
223812
173712
137412
126612
90612
293712
1223424
6040
153012
680724
221412
200712
305712
1027812
719412
400812
251712
18612
2656524
210024
81016
80416
220212
79216
510312
175812
28212
803712
249312
981912
145824
823212
87912
1233612
370212
9912
2722812
334812
456912
267612
122412
228912
45012
171312
37512
517512
131112
982212
548712
2386828
4828
179728
3028
88224
879624
50112
64224
777024
7524
2344524
3624
202524
915624
1824
522912
325212
2316924
7224
180324
4824
284112
69312
364812
406812
150612
165912
345312
230412
259224
168612
98712
342612
284712
591612
102612
197112
398412
1035012
1335312
312612
404412
1623024
210624
525012
587412
110424
622212
301212
101424
397824
194424
138624
50712
304824
99612
154824
675012
274812
86112
5461232
5383832
215412
160812
352212
437424
181812
96024
93024
480012
239712
169212
217812
227424
14712
216024
196212
69912
620
5408
2408
608
9608
7808
18608
1808
6008
19808
20408
16208
14412
624
225624
612
17424
616
1216
1816
96016
5416
99616
8416
7216
3616
10816
9616
7816
20416
18616
20712
39012
24612
33612
147012
1798824
606624
323424
247224
112824
301824
615624
72612
79512
1212
912
261912
4512
3612
183912
287712
5412
2416
27016
16216
15616
3016
6016
12016
4816
9016
23416
13216
6616
24616
25216
22816
28816
21616
13816
10216
11416
17416
15016
22216
16816
21016
28216
12616
19216
18016
4216
24016
37816
30616
40816
36616
38416
64816
33616
6012
2096112
120012
54912
10812
308412
723612
865812
715812
517212
1492812
3912
10212
7212
84012
76812
127812
68412
34212
130812
9612
5306432
312012
117612
576612
135012
29412
2381412
13212
1512
9525612
29416
25816
457212
289824
187824
67212
37212
40812
168024
78624
9024
96024
277212
156012
80424
190224
85812
53412
480012
30012
486612
36012
34816
76224
100224
62424
33012
242412
22812
207024
99624
215112
58824
186024
262212
193212
105624
37216
640
3040
5440
1840
142812
102612
6024
43224
91224
14712
314112
289512
53712
193224
151212
225012
66024
60024
264912
152412
280824
143412
18012
92424
87624
144612
215412
160812
78024
6624
95424
240924
269712
165012
168612
2112
95412
180624
1812
8412
7812
49828
84624
59412
169212
60012
100824
100212
100812
50424
39624
180612
64212
57024
69612
33624
159624
190824
67224
78012
118212
70212
5424
58224
65424
75012
210312
97812
111012
99024
48024
42024
99312
247812
16812
672012
52212
63912
72012
2712
19812
3012
12012
64812
8712
96012
132024
10824
211212
302412
55224
216024
5712
26412
36612
52812
43212
68112
109512
228612
360312
31812
61224
159612
170412
225612
166224
72624
9624
4212
74412
14112
6312
2412
96612
135612
960612
316212
1741212
310212
322212
1151412
42912
81612
45612
904812
22212
17712
17412
13812
439212
412512
4812
233424
226824
212424
437412
135624
148812
93624
284412
196212
261012
203412
195612
325812
160224
81624
93912
249612
213024
49824
54624
37224
77424
45624
110412
100512
45024
4224
88812
40824
185412
69912
78612
260412
44424
199812
224412
74424
122424
167412
478212
111612
89412
1958112
195312
14416
48012
58812
2440
32416
276612
271224
139224
82824
36024
182412
98424
31816
34216
33016
1036812
5529632
1291212
872412
721812
803412
830412
2137212
1091412
27616
1030212
486012
1479012
667812
1060812
19816
51016
70216
53416
322812
630912
163212
261624
299412
106824
181812
72024
91812
65412
200412
97224
63024
304512
161412
66612
52824
122412
51612
30612
141012
76212
33024
34824
127212
82212
38424
157224
64824
171612
76824
345312
152112
230412
280224
277812
278412
352212
163812
55212
140412
51024
87012
98412
436212
160212
279012
70812
437424
217812
227424
477612
265212
780012
90612
315612
286812
93024
262824
183612
259224
150624
134412
117012
43216
55824
194412
73224
103212
145812
210624
164412
71412
56424
359412
153612
228012
169812
6608
24008
4208
23408
3608
163228
630928
240612
184812
186624
144012
137412
45016
35416
65712
165612
287412
114612
120612
371712
256212
84024
99012
340212
234012
46812
789612
507612
819012
2577612
30016
661212
915612
632
31216
236412
249912
115812
27624
26416
39024
304212
329712
136212
5479232
5428832
5342432
5256032
5187632
5101232
4672812
834012
583212
493812
258612
318012
26712
303012
394512
3312
417012
73512
27012
28812
19212
181512
12312
342312
32412
77412
415812
9312
35712
92412
167112
330612
371112
98112
5032832
548112
2316924
2310624
7224
675912
62412
180324
195924
739812
4824
4946432
2656524
210024
733812
1373112
56412
1968924
263112
351012
163512
47412
124212
11412
6612
12612
1945512
172212
234312
90012
79212
900324
3624
295812
133512
59112
368712
15612
293712
134712
1413624
185112
85512
156324
110112
119412
455112
405312
104112
423912
34812
27612
422112
103812
203112
31212
415512
44112
19512
407712
128724
132912
59124
24012
233712
246012
21612
88816
40216
77112
41416
108912
88216
1223424
89416
69616
66616
177612
272112
252024
143424
216612
57616
281412
48016
205212
179124
243012
132624
867012
42016
198012
57612
45616
36016
39616
354912
263712
284112
404712
20412
67812
156612
420624
281424
665424
1556124
253824
654624
331824
398412
602412
146424
1650024
369324
1516
5461232
5383832
235812
31224
251412
239712
82224
105612
210012
178212
145212
75612
264012
166812
27312
795612
1266012
515412
709212
807612
5410832
1239012
1627812
1287012
489612
270312
399912
745512
294312
276312
561912
113112
195012
378312
58212
549912
383412
87312
81912
2057724
151524
108012
360012
639912
18024
164724
49224
171012
123312
505212
1348812
91212
222612
86412
303612
395112
673812
73212
106212
267912
114012
592512
39016
91816
166212
92416
238212
543912
6040
176424
91216
90016
87016
86416
85216
84616
83416
82816
81016
80416
79816
79216
78616
66624
78016
77416
76816
75616
75016
73816
73216
71416
70816
69016
67816
67216
257412
429012
17112
21012
66016
65416
103512
50412
18612
68416
72616
76216
125712
168312
344412
81616
82216
84016
85816
87616
184224
1182624
126612
267612
59416
48616
332712
25812
343812
458412
219012
74416
131412
58216
168912
37812
64216
62416
60016
58816
56416
55216
49816
47416
46216
43816
44416
157512
265812
51616
61816
78312
130512
88212
72016
90312
51012
637512
581712
433812
483912
138612
116412
223212
201612
895212
693012
69012
85224
3920112
157212
266412
36912
1147512
1002612
44412
5470232
1316124
403812
956112
859812
57016
52816
408612
427812
388812
94512
231912
1091424
413424
127224
245412
60312
482412
55816
190212
38412
386412
112212
83112
23412
20112
70512
10512
9012
25212
41412
35412
40512
5401832
5333432
5238032
182712
118812
228312
280212
106812
57624
115224
153624
154512
150312
370212
223824
166824
97824
85824
175224
54024
239412
140424
39324
184212
550212
940212
136824
790212
1424412
1401012
1407912
1000812
368112
231612
87912
50712
386712
788112
728412
145512
15312
1634112
29112
50112
175512
326412
486912
2073312
2857812
342612
284712
591612
132012
4403712
1065012
62712
175212
84912
39312
1923612
265512
57012
234612
63612
168012
131112
64512
438012
28212
252912
79224
602712
456912
297912
150012
177024
2386828
4828
179728
3028
40212
35424
41424
442224
63616
204012
93612
63012
115212
340512
1283724
823212
43812
126312
219912
890728
2428
16512
94812
42012
63016
66012
87612
395412
268212
232512
54016
54616
52216
542424
132312
15012
61216
60616
50416
49216
46816
42616
2344524
202524
585612
82812
191412
192612
879624
544812
408912
777312
680724
312612
166512
692412
423012
112512
22512
472212
414912
158112
559512
9912
372912
13512
48612
186012
534012
525312
23112
1086312
45012
262812
18312
141612
642912
474624
109824
406812
494712
26112
174024
117624
150912
28240
123012
86712
334812
927912
93012
174912
222312
206112
311112
1335312
978012
517512
792312
61212
37512
146412
304824
187224
675012
274812
365124
194424
121212
174012
102012
2145612
2058612
1630812
628812
149412
982212
214212
299112
78912
856824
101424
218112
1141212
915624
1824
429612
243612
34512
16212
1222524
412212
664512
530424
19224
773412
787812
1434312
71712
54012
413412
39612
540912
945612
269412
319812
171312
259512
88224
172824
219612
202812
659712
291912
1203012
11712
468012
540012
1216512
107712
639312
1220412
752412
1844712
2382312
1035012
1162812
153012
1097112
522912
397824
316812
275424
1471224
257112
144312
53424
249012
433212
125412
74112
128412
79812
557112
38112
2145912
1232712
294612
12912
581412
216012
595812
129612
93324
344712
366312
232812
426012
48912
222912
564912
104712
627612
119112
60624
368724
589812
493212
22208
241812
70824
2206212
897312
47712
383112
54312
500412
81012
183312
400812
798012
951612
2445012
45912
235212
392412
5023832
197712
4928432
229212
258012
153912
4833032
237912
179412
175812
202212
96624
102024
48624
362412
458712
208812
173712
401112
386112
227712
134112
288012
345612
1155324
121824
108024
568212
205824
563412
136812
279924
110424
139824
75624
302112
120312
89112
525012
425112
546012
920112
5178632
240912
44712
5083232
5005832
1386612
5014832
172512
668112
1437912
587724
90616
482712
618924
61524
342012
914128
23428
38428
6928
548712
57912
21608
1208
259212
814812
936912
250212
185124
251712
141312
286512
450312
404112
706812
74712
221412
207312
200112
154812
466512
297312
33912
124512
186912
75312
121512
277512
575112
547812
228912
73812
422412
152712
2466012
200712
736512
305712
325212
764712
752112
498012
2722812
273012
1233612
459312
1609812
428412
583812
200424
587412
361812
232212
56112
46824
61812
5274032
2822412
1131012
2839212
1465212
1882212
1883112
7838112
343224
126024
75024
61824
69624
1225212
1407012
662412
1257312
220512
434712
656412
162624
95416
353412
620
5408
608
2408
9608
7808
16208
1808
6008
17408
18008
3608
14412
624
225624
612
17424
616
1216
1816
96016
5416
99616
8416
7216
3616
10816
9616
7816
18616
16816
20712
39012
24612
33612
147012
1798824
84012
247224
281424
665424
323424
1650024
112824
1212
912
261912
4512
3612
183912
287712
5412
2416
27016
16216
15616
3016
6016
12016
37816
24616
20416
4816
9016
13216
22816
6616
4216
23416
11416
21616
30616
40816
40216
17416
10216
38416
18016
43216
64816
12616
75616
32416
48616
31216
46816
37216
41416
31816
25216
34216
28816
13816
21016
28216
15016
19216
54016
67212
154512
253824
654624
53712
153624
115224
77424
22216
36016
4208
7208
21008
21608
6012
2096112
120012
8412
19812
54912
10812
3912
12012
13812
10212
457212
904812
89412
59412
42912
439212
960612
308412
1741212
723612
865812
715812
1151412
517212
135612
3012
34212
76812
127812
130812
64812
9612
312012
117612
135012
29412
576612
5306432
2112
93912
13212
478212
1512
95412
9525612
25816
7212
39616
1958112
48012
233424
226824
259224
187824
261624
289824
207024
37212
72612
167412
76824
76224
99624
135624
142812
58224
92424
58824
55224
81624
277212
156012
163812
200412
256212
160812
139824
110424
78024
6624
486612
36012
168612
96024
181812
193212
93624
437412
64824
157224
359412
153612
159624
190824
96624
102024
215412
284412
196212
249012
174012
155412
316212
152412
144612
194412
265212
159612
437424
180624
289512
190224
314112
65712
45024
4224
54624
100224
49828
74424
37224
38424
62424
34824
87012
98412
166224
164412
71412
69612
99024
91224
185412
69912
65412
4812
44424
242412
14712
70212
182412
51612
30612
199812
78612
75012
210312
39624
100212
100812
33624
53412
33012
95424
433212
2440
57024
49824
48624
54024
5424
118212
64212
78012
22812
122412
40824
97812
224412
48024
50424
51024
215112
228012
82212
31224
75624
67224
128412
79812
86412
98424
5440
1840
640
143412
18012
269712
165012
3040
33616
106212
2381412
42016
7812
111012
1812
60012
1492812
85812
68412
111612
34816
87624
261012
203412
310212
895212
693012
184212
6312
14112
45612
90612
412512
5712
4212
2412
30012
22212
74412
195312
68112
43212
96612
81612
17412
360312
322212
85224
302412
109512
99312
247812
72012
16812
672012
40812
227424
26412
36612
52812
211212
228612
102612
58812
52212
33016
29416
1036812
5529632
157212
583212
1630812
940212
493812
2058612
807612
2145612
27616
709212
1266012
515412
1479012
795612
1060812
550212
486012
661212
915612
667812
4240
1291212
322812
830412
630912
163212
2577612
819012
1091412
507612
186624
36024
477612
780012
803412
27624
193224
151212
225012
212424
186024
5479232
5410832
145212
60024
75612
5342432
1424412
5274032
1407012
5187632
975012
5101232
505212
1348812
3312
19212
1413624
128724
27012
238212
472212
330612
252912
47412
123312
423912
543912
222312
295812
87912
17712
39612
659712
433812
90012
104112
12312
9012
11412
6612
12612
483912
407712
22512
73512
21612
2712
13512
44112
171012
549912
540912
413412
132312
351012
37812
83112
2316924
637512
54012
19512
581712
7224
180324
4824
163512
233712
168024
234312
540012
628812
43812
642912
291912
57012
28212
62712
406812
23412
468012
5256032
63912
1162812
455112
124212
63012
2310624
15612
25212
195924
152112
585612
383412
293712
181512
140412
166212
2344524
3624
34812
525312
106812
79212
267612
15012
202524
210624
126024
75024
82824
352212
217812
45624
134712
84624
80424
32412
9912
1097112
69012
458412
56412
1203012
110112
11712
856824
78912
84024
28812
24016
119412
27612
67812
14416
262824
59124
156324
156612
1556124
19816
227712
30016
168012
36616
35416
216612
94512
480012
108912
5461232
5383832
1516
31812
281412
342012
72024
79224
72624
160224
82224
198012
57612
35424
41424
56424
251412
236412
8712
96012
78624
9024
219612
202812
116412
249612
240924
93024
119112
277812
272112
166812
210012
262212
6024
43224
77412
130512
65424
169212
55212
138612
76212
178212
127212
51016
70216
53416
249912
115812
278412
209412
38412
101112
36912
266412
3920112
1147512
73212
1002612
219012
134412
423012
141612
1030212
872412
721812
2137212
50416
49816
49216
48016
47416
46216
45616
45016
44416
43816
42616
39016
239712
169812
150624
271224
161412
66612
26416
299412
304212
175224
55824
304512
5205632
5119232
5032832
4946432
739812
2656524
210024
164724
49224
2057724
151524
680724
153012
71712
175212
200712
534012
305712
221412
85512
265512
664512
1086312
166512
46824
63612
325812
2386828
4828
93612
64224
179728
3028
39024
10824
9624
88212
438012
112512
1434312
59112
25812
77112
231912
24012
243012
172824
88224
19808
3008
6608
27312
114612
150312
105624
139224
66024
148812
240612
156624
220512
315612
364812
100824
201612
40224
180312
261612
141012
165612
88812
214212
321012
340212
234012
99012
65416
71416
436212
160212
184812
195612
276612
122424
20412
280824
97224
63024
33024
60312
106824
213024
52824
120612
415512
217212
354912
110412
179124
177024
312612
343812
257412
368712
21012
132912
442224
632
184224
60016
58216
279012
70812
76816
82216
186012
257112
1471224
80416
79816
77416
72616
59416
79216
66016
54616
60616
68416
1182624
268812
176424
76216
78616
81016
286212
81616
73816
74416
73216
75016
69616
542424
64216
174612
52216
55216
429012
42612
18612
91812
403812
38112
150912
216024
170412
225612
241812
100512
235812
105612
371712
264912
180612
2973612
103212
136212
329712
16808
18608
19208
2839212
1208
422112
234612
103812
1091424
84912
109812
1247124
263712
72016
777024
7524
448212
31212
39312
627612
927912
269412
246012
162624
45012
131112
154212
205212
219912
37512
914128
23428
38428
6928
548712
692412
107712
259512
1216512
34512
544812
777312
267912
1141212
132012
823212
639312
1220412
222912
1006224
51012
50712
498012
152712
319812
103512
168912
595812
564912
58212
78312
20112
890728
2428
157512
265812
203112
6040
752412
1844712
1035012
28240
345312
258612
303012
134112
182712
87312
386412
46812
35412
70512
9312
277512
40512
73812
366312
41412
639912
29112
50112
172212
228912
235212
107112
148212
318012
26712
394512
23112
89112
575112
547812
129612
1968924
675912
62412
474624
109824
422412
405012
143424
243612
132624
93324
1223424
127224
332712
57624
1335312
149412
278712
50412
412212
900324
66624
102912
297312
278112
519312
73224
69312
10512
915624
1824
656412
150612
165912
284112
936912
299112
294612
223812
395412
365124
1222524
137412
132612
102012
82812
188412
42024
789612
287412
153912
45912
145824
66616
252024
62416
61816
55816
93012
637824
591924
268212
115212
108012
1283724
260412
84616
58816
427812
175812
44412
16512
12912
2382312
512712
52816
56416
29440
51616
70816
57616
63016
61216
57016
67216
63616
67816
83416
84016
98416
97216
96616
95416
94216
93016
92416
91216
90616
89416
88216
87016
85816
85216
69016
1407912
1000812
368112
231612
456912
15312
386712
133512
788112
1634112
297912
342612
284712
591612
150012
145512
867012
2073312
98712
263112
197112
728412
175512
326412
486912
602712
353412
398412
262812
83712
382512
81912
270312
517512
792312
118812
101412
736512
253212
300612
220812
581412
945612
620
5408
608
2408
9608
7808
16208
1808
6008
17408
18008
3608
14412
624
225624
612
17424
616
1216
1816
96016
5416
99616
8416
7216
3616
10816
9616
7816
18616
16816
20712
39012
24612
33612
147012
1798824
84012
247224
281424
665424
323424
1650024
112824
1212
912
261912
4512
3612
183912
287712
5412
2416
27016
16216
15616
3016
6016
12016
37816
24616
20416
4816
9016
13216
22816
6616
4216
23416
11416
21616
30616
40816
40216
17416
10216
38416
18016
43216
64816
12616
75616
32416
48616
31216
46816
37216
41416
31816
25216
34216
28816
13816
21016
28216
15016
19216
54016
67212
154512
253824
654624
53712
153624
115224
77424
22216
36016
4208
7208
21008
21608
6012
2096112
120012
8412
19812
54912
10812
3912
12012
13812
10212
457212
904812
89412
59412
42912
439212
960612
308412
1741212
723612
865812
715812
1151412
517212
135612
3012
34212
76812
127812
130812
64812
9612
312012
117612
135012
29412
576612
5306432
2112
93912
13212
478212
1512
95412
9525612
25816
7212
39616
1958112
48012
233424
226824
259224
187824
261624
289824
207024
37212
72612
167412
76824
76224
99624
135624
142812
58224
92424
58824
55224
81624
277212
156012
163812
200412
256212
160812
139824
110424
78024
6624
486612
36012
168612
96024
181812
193212
93624
437412
64824
157224
359412
153612
159624
190824
96624
102024
215412
284412
196212
249012
174012
155412
316212
152412
144612
194412
265212
159612
437424
180624
289512
190224
314112
65712
45024
4224
54624
100224
49828
74424
37224
38424
62424
34824
87012
98412
166224
164412
71412
69612
99024
91224
185412
69912
65412
4812
44424
242412
14712
70212
182412
51612
30612
199812
78612
75012
210312
39624
100212
100812
33624
53412
33012
95424
433212
2440
57024
49824
48624
54024
5424
118212
64212
78012
22812
122412
40824
97812
224412
48024
50424
51024
215112
228012
82212
31224
75624
67224
128412
79812
86412
98424
5440
1840
640
143412
18012
269712
165012
3040
33616
106212
2381412
42016
7812
111012
1812
60012
1492812
85812
68412
111612
34816
87624
261012
203412
310212
895212
693012
184212
6312
14112
45612
90612
412512
5712
4212
2412
30012
22212
74412
195312
68112
43212
96612
81612
17412
360312
322212
85224
302412
109512
99312
247812
72012
16812
672012
40812
227424
26412
36612
52812
211212
228612
102612
58812
52212
33016
29416
1036812
5529632
157212
583212
1630812
940212
493812
2058612
807612
2145612
27616
709212
1266012
515412
1479012
795612
1060812
550212
486012
661212
915612
667812
4240
1291212
322812
830412
630912
163212
2577612
819012
1091412
507612
186624
36024
477612
780012
803412
27624
193224
151212
225012
212424
186024
5479232
5410832
145212
60024
75612
5342432
1424412
5274032
1407012
5187632
975012
5101232
505212
1348812
3312
19212
1413624
128724
27012
238212
472212
330612
252912
47412
123312
423912
543912
222312
295812
87912
17712
39612
659712
433812
90012
104112
12312
9012
11412
6612
12612
483912
407712
22512
73512
21612
2712
13512
44112
171012
549912
540912
413412
132312
351012
37812
83112
2316924
637512
54012
19512
581712
7224
180324
4824
163512
233712
168024
234312
540012
628812
43812
642912
291912
57012
28212
62712
406812
23412
468012
5256032
63912
1162812
455112
124212
63012
2310624
15612
25212
195924
152112
585612
383412
293712
181512
140412
166212
2344524
3624
34812
525312
106812
79212
267612
15012
202524
210624
126024
75024
82824
352212
217812
45624
134712
84624
80424
32412
9912
1097112
69012
458412
56412
1203012
110112
11712
856824
78912
84024
28812
24016
119412
27612
67812
14416
262824
59124
156324
156612
1556124
19816
227712
30016
168012
36616
35416
216612
94512
480012
108912
5461232
5383832
1516
31812
281412
342012
72024
79224
72624
160224
82224
198012
57612
35424
41424
56424
251412
236412
8712
96012
78624
9024
219612
202812
116412
249612
240924
93024
119112
277812
272112
166812
210012
262212
6024
43224
77412
130512
65424
169212
55212
138612
76212
178212
127212
51016
70216
53416
249912
115812
278412
209412
38412
101112
36912
266412
3920112
1147512
73212
1002612
219012
134412
423012
141612
1030212
872412
721812
2137212
50416
49816
49216
48016
47416
46216
45616
45016
44416
43816
42616
39016
239712
169812
150624
271224
161412
66612
26416
299412
304212
175224
55824
304512
5205632
5119232
5032832
4946432
739812
2656524
210024
164724
49224
2057724
151524
680724
153012
71712
175212
200712
534012
305712
221412
85512
265512
664512
1086312
166512
46824
63612
325812
2386828
4828
93612
64224
179728
3028
39024
10824
9624
88212
438012
112512
1434312
59112
25812
77112
231912
24012
243012
172824
88224
19808
3008
6608
27312
114612
150312
105624
139224
66024
148812
240612
156624
220512
315612
364812
100824
201612
40224
180312
261612
141012
165612
88812
214212
321012
340212
234012
99012
65416
71416
436212
160212
184812
195612
276612
122424
20412
280824
97224
63024
33024
60312
106824
213024
52824
120612
415512
217212
354912
110412
179124
177024
312612
343812
257412
368712
21012
132912
442224
632
184224
60016
58216
279012
70812
76816
82216
186012
257112
1471224
80416
79816
77416
72616
59416
79216
66016
54616
60616
68416
1182624
268812
176424
76216
78616
81016
286212
81616
73816
74416
73216
75016
69616
542424
64216
174612
52216
55216
429012
42612
18612
91812
403812
38112
150912
216024
170412
225612
241812
100512
235812
105612
371712
264912
180612
2973612
103212
136212
329712
16808
18608
19208
2839212
1208
422112
234612
103812
1091424
84912
109812
1247124
263712
72016
777024
7524
448212
31212
39312
627612
927912
269412
246012
162624
45012
131112
154212
205212
219912
37512
914128
23428
38428
6928
548712
692412
107712
259512
1216512
34512
544812
777312
267912
1141212
132012
823212
639312
1220412
222912
1006224
51012
50712
498012
152712
319812
103512
168912
595812
564912
58212
78312
20112
890728
2428
157512
265812
203112
6040
752412
1844712
1035012
28240
345312
258612
303012
134112
182712
87312
386412
46812
35412
70512
9312
277512
40512
73812
366312
41412
639912
29112
50112
172212
228912
235212
107112
148212
318012
26712
394512
23112
89112
575112
547812
129612
1968924
675912
62412
474624
109824
422412
405012
143424
243612
132624
93324
1223424
127224
332712
57624
1335312
149412
278712
50412
412212
900324
66624
102912
297312
278112
519312
73224
69312
10512
915624
1824
656412
150612
165912
284112
936912
299112
294612
223812
395412
365124
1222524
137412
132612
102012
82812
188412
42024
789612
287412
153912
45912
145824
66616
252024
62416
61816
55816
93012
637824
591924
268212
115212
108012
1283724
260412
84616
58816
427812
175812
44412
16512
12912
2382312
512712
52816
56416
29440
51616
70816
57616
63016
61216
57016
67216
63616
67816
83416
84016
98416
97216
96616
95416
94216
93016
92416
91216
90616
89416
88216
87016
85816
85216
69016
1407912
1000812
368112
231612
456912
15312
386712
133512
788112
1634112
297912
342612
284712
591612
150012
145512
867012
2073312
98712
263112
197112
728412
175512
326412
486912
602712
353412
398412
262812
83712
382512
81912
270312
517512
792312
118812
101412
736512
253212
300612
220812
581412
945612
620
5408
608
2408
9608
7808
6008
20408
1808
21608
3608
14412
624
225624
612
17424
616
1216
1816
96016
5416
99616
8416
7216
3616
10816
9616
7816
16216
14416
20712
39012
24612
33612
147012
1798824
112824
253824
654624
247224
84012
1650024
323424
1212
912
261912
4512
3612
183912
287712
5412
2416
27016
15616
6016
12016
37816
12616
18616
6616
20416
4216
9016
3016
4816
13216
17416
22216
25816
28216
21616
24016
32416
28816
21016
13816
10216
11416
40816
22816
18016
23416
40216
38416
75616
54016
70216
30616
48616
31216
46816
41416
31816
25216
16816
30016
15016
19816
19216
115224
77424
153624
53712
154512
6012
2096112
120012
8412
10812
54912
3912
12012
135612
13812
10212
439212
228612
904812
22212
17712
960612
308412
1741212
310212
723612
865812
715812
1151412
517212
59412
42912
3012
34212
76812
127812
130812
64812
31812
9612
630912
163212
312012
117612
576612
135012
29412
2112
93912
13212
478212
1512
95412
9525612
19812
457212
89412
1958112
7212
5306432
34216
39616
289824
187824
212424
261624
210624
233424
67212
72612
52212
40812
119412
58812
151212
90612
152412
60024
55224
76224
99624
159624
190824
142812
261012
203412
135624
284412
196212
93624
144612
210012
175212
58224
241812
200412
277812
85812
95424
240924
91812
65412
329712
193224
99012
302112
190224
79224
72624
163812
272112
166812
166224
55824
215412
160812
66024
78624
9024
249012
174012
148812
16812
92424
159612
53412
289512
100224
49824
199812
78612
39624
71412
30612
34824
76212
164412
55212
140412
65424
100824
56424
31224
98424
57024
48024
50424
38424
185412
69912
99024
91224
5424
40824
88812
35424
41424
87012
98412
6024
43224
153912
45912
51612
64824
136212
78012
121212
74424
138612
37224
118212
70212
128412
79812
33624
33012
640
3040
5440
1840
48012
2440
34816
33616
895212
693012
437412
76824
157224
180624
225012
106824
143412
18012
78024
6624
269712
165012
51024
224412
100212
100812
52824
75012
210312
69612
7812
111012
1812
37216
2381412
60012
99312
247812
63912
672012
2712
37212
195312
43212
68112
26412
302412
211212
36612
52812
30012
2412
96612
360312
109512
74412
17412
22812
322212
5712
4212
14112
6312
412512
81612
45612
316212
4812
84024
256212
1492812
27312
36616
33016
29416
1036812
5529632
721812
803412
2137212
1091412
830412
872412
322812
1291212
667812
486012
1479012
1030212
795612
915612
1266012
507612
1060812
709212
168024
286812
27616
661212
5479232
5410832
65712
82824
352212
436212
160212
45624
217812
64212
279012
70812
1239012
5342432
5256032
1627812
5187632
5101232
1223412
1413624
399912
371112
128724
745512
1589412
3312
2057724
47412
151524
152112
181512
706812
106812
222312
525312
19212
83112
6612
21612
28812
238212
12612
383412
123312
295812
549912
330612
133512
456912
171012
297912
455112
13512
386712
166212
238512
294312
276312
11412
561912
86412
22512
73512
423912
268212
87312
408912
19512
481512
207024
437424
32412
494712
124212
132312
5023832
12312
16212
56412
72012
796512
752412
9312
35712
92412
167112
414912
158112
559512
807612
2145612
77412
2310624
45012
195924
267912
1335312
1968924
936912
75612
9912
312612
67812
692412
777312
27612
57012
112512
111612
262212
184812
186024
166512
93612
27012
18312
15612
156324
90012
12912
49828
227424
44424
186012
104112
79512
606624
2344524
3624
202524
36016
59112
43812
62712
28212
23412
231912
179124
15012
185112
1091424
35416
96616
108912
291912
71712
343812
97216
662412
468012
293712
174912
1257312
134712
415512
149412
265512
243612
267612
458412
69012
34812
2656524
210024
365124
227712
299112
270312
24616
205212
156612
1556124
200712
63612
240612
193212
184224
50412
680724
153012
25212
305712
354912
31212
59124
628812
168012
37812
243012
97816
132912
152712
95416
259512
94816
395412
94216
1203012
486912
1035012
472212
879624
34512
93616
534012
85512
102612
93016
773412
246012
1086312
69016
67216
70816
43216
74416
150624
271224
945612
88212
48612
87624
102012
82812
257412
18612
1516
5461232
5383832
26416
68412
226824
114612
144012
160224
156012
315612
213024
181812
122412
214212
168612
97812
486612
36012
139224
242412
46812
477612
265212
780012
789612
819012
2577612
550212
493812
515412
583212
632
54624
314112
262824
186624
174612
157212
975012
940212
1277412
4672812
834012
258612
303012
2386828
4828
179728
3028
417012
342312
415812
318012
26712
394512
1373112
98112
548112
5119232
675912
62412
739812
172212
263112
93324
5032832
163512
4946432
164724
49224
96024
58824
80424
405312
1945512
736512
299412
97224
63024
72024
321012
170412
225612
351012
110412
100512
811212
1386612
234312
150912
20412
103812
234612
110112
438012
79212
407712
2316924
7224
180324
4824
161412
66612
33024
44112
143424
867012
217212
176424
66624
102616
127212
82212
62424
132624
172824
88224
276612
216612
102016
101416
294612
103216
103816
442224
42616
46216
39016
77112
340212
263712
141012
94512
422112
177024
343224
24012
171612
280824
90024
27624
180612
215112
194412
103212
73224
82224
433212
57624
125412
74112
169212
201612
84624
277212
137412
85224
165612
120612
173712
474624
109824
105612
234012
429012
25812
60312
18608
22208
24008
1208
23408
61524
618924
480012
37512
1389924
62416
222912
720624
368724
61816
21012
777024
7524
370212
334812
1233612
1161012
132012
146412
2722812
290712
540912
145512
290412
1471224
204012
585612
2466012
382812
544812
1141212
372912
61216
284112
63016
63616
639312
1220412
627612
764712
752112
64216
64816
65416
66016
368712
51016
53416
219012
179412
87912
1689612
517812
592512
167412
259224
281412
93024
198012
57612
183612
122424
134412
38412
14712
1630812
2058612
42016
182412
36024
175224
54024
5428832
1424412
1407012
505212
1348812
252912
39612
433812
9012
483912
413412
11712
637512
54012
581712
63012
233712
540012
642912
406812
927912
543912
659712
1097112
1162812
221412
395112
268812
856824
664512
107712
84912
1434312
587724
163228
630928
116412
195612
325812
67224
126024
75024
96624
102024
304512
45024
260412
169812
42024
48624
4224
230412
239712
251412
235812
269412
131112
163824
16824
127224
260724
9624
219912
177612
252024
154212
427812
83416
79816
77416
530424
19224
76816
78616
218112
252612
55216
190212
403812
223812
542424
47416
51616
1844712
76216
49816
50416
48016
49216
55816
44416
52816
43816
56416
57616
58816
57016
60616
637824
591924
59416
58216
54616
60016
45616
81016
73816
72016
52216
78016
81616
85212
80416
69616
89416
6040
1216512
51012
157512
265812
90312
203112
1223424
16512
103512
168912
769212
1437912
73812
35412
1634112
175512
326412
216012
915624
1824
191412
366312
728412
113112
195012
378312
423012
78312
130512
788112
1407912
368112
1000812
50712
353412
602712
44412
342612
284712
591612
28240
1240
1263012
969612
2568012
1915812
297312
656412
564912
498012
398412
2073312
2857812
1065012
4403712
64512
1923612
278712
548712
404412
639012
332712
1002312
370812
412212
504012
890728
2428
23112
787812
559212
45016
143712
127512
338412
16208
10808
13808
52808
4208
6608
25208
7208
27608
3008
27008
13208
30608
31208
51008
51608
4808
280224
145812
81624
371712
153612
96012
8712
280812
223824
166824
145212
249612
140424
178212
249912
115812
236412
649824
78912
71416
109812
1247124
823212
448212
914128
23428
38428
6928
257112
68416
75016
471612
129612
1222524
176412
900324
288612
595812
38112
1283724
340512
115212
108012
281424
665424
171312
29112
20112
174024
117624
136824
61824
278412
110424
184212
59424
106212
287412
182712
386412
790212
70512
134112
50112
277512
639912
5360432
40512
41412
66616
525012
232212
56112
361812
514224
27024
28824
15312
231612
342012
414612
421212
620
5408
608
2408
9608
7808
6008
20408
1808
21608
3608
14412
624
225624
612
17424
616
1216
1816
96016
5416
99616
8416
7216
3616
10816
9616
7816
16216
14416
20712
39012
24612
33612
147012
1798824
112824
253824
654624
247224
84012
1650024
323424
1212
912
261912
4512
3612
183912
287712
5412
2416
27016
15616
6016
12016
37816
12616
18616
6616
20416
4216
9016
3016
4816
13216
17416
22216
25816
28216
21616
24016
32416
28816
21016
13816
10216
11416
40816
22816
18016
23416
40216
38416
75616
54016
70216
30616
48616
31216
46816
41416
31816
25216
16816
30016
15016
19816
19216
115224
77424
153624
53712
154512
6012
2096112
120012
8412
10812
54912
3912
12012
135612
13812
10212
439212
228612
904812
22212
17712
960612
308412
1741212
310212
723612
865812
715812
1151412
517212
59412
42912
3012
34212
76812
127812
130812
64812
31812
9612
630912
163212
312012
117612
576612
135012
29412
2112
93912
13212
478212
1512
95412
9525612
19812
457212
89412
1958112
7212
5306432
34216
39616
289824
187824
212424
261624
210624
233424
67212
72612
52212
40812
119412
58812
151212
90612
152412
60024
55224
76224
99624
159624
190824
142812
261012
203412
135624
284412
196212
93624
144612
210012
175212
58224
241812
200412
277812
85812
95424
240924
91812
65412
329712
193224
99012
302112
190224
79224
72624
163812
272112
166812
166224
55824
215412
160812
66024
78624
9024
249012
174012
148812
16812
92424
159612
53412
289512
100224
49824
199812
78612
39624
71412
30612
34824
76212
164412
55212
140412
65424
100824
56424
31224
98424
57024
48024
50424
38424
185412
69912
99024
91224
5424
40824
88812
35424
41424
87012
98412
6024
43224
153912
45912
51612
64824
136212
78012
121212
74424
138612
37224
118212
70212
128412
79812
33624
33012
640
3040
5440
1840
48012
2440
34816
33616
895212
693012
437412
76824
157224
180624
225012
106824
143412
18012
78024
6624
269712
165012
51024
224412
100212
100812
52824
75012
210312
69612
7812
111012
1812
37216
2381412
60012
99312
247812
63912
672012
2712
37212
195312
43212
68112
26412
302412
211212
36612
52812
30012
2412
96612
360312
109512
74412
17412
22812
322212
5712
4212
14112
6312
412512
81612
45612
316212
4812
84024
256212
1492812
27312
36616
33016
29416
1036812
5529632
721812
803412
2137212
1091412
830412
872412
322812
1291212
667812
486012
1479012
1030212
795612
915612
1266012
507612
1060812
709212
168024
286812
27616
661212
5479232
5410832
65712
82824
352212
436212
160212
45624
217812
64212
279012
70812
1239012
5342432
5256032
1627812
5187632
5101232
1223412
1413624
399912
371112
128724
745512
1589412
3312
2057724
47412
151524
152112
181512
706812
106812
222312
525312
19212
83112
6612
21612
28812
238212
12612
383412
123312
295812
549912
330612
133512
456912
171012
297912
455112
13512
386712
166212
238512
294312
276312
11412
561912
86412
22512
73512
423912
268212
87312
408912
19512
481512
207024
437424
32412
494712
124212
132312
5023832
12312
16212
56412
72012
796512
752412
9312
35712
92412
167112
414912
158112
559512
807612
2145612
77412
2310624
45012
195924
267912
1335312
1968924
936912
75612
9912
312612
67812
692412
777312
27612
57012
112512
111612
262212
184812
186024
166512
93612
27012
18312
15612
156324
90012
12912
49828
227424
44424
186012
104112
79512
606624
2344524
3624
202524
36016
59112
43812
62712
28212
23412
231912
179124
15012
185112
1091424
35416
96616
108912
291912
71712
343812
97216
662412
468012
293712
174912
1257312
134712
415512
149412
265512
243612
267612
458412
69012
34812
2656524
210024
365124
227712
299112
270312
24616
205212
156612
1556124
200712
63612
240612
193212
184224
50412
680724
153012
25212
305712
354912
31212
59124
628812
168012
37812
243012
97816
132912
152712
95416
259512
94816
395412
94216
1203012
486912
1035012
472212
879624
34512
93616
534012
85512
102612
93016
773412
246012
1086312
69016
67216
70816
43216
74416
150624
271224
945612
88212
48612
87624
102012
82812
257412
18612
1516
5461232
5383832
26416
68412
226824
114612
144012
160224
156012
315612
213024
181812
122412
214212
168612
97812
486612
36012
139224
242412
46812
477612
265212
780012
789612
819012
2577612
550212
493812
515412
583212
632
54624
314112
262824
186624
174612
157212
975012
940212
1277412
4672812
834012
258612
303012
2386828
4828
179728
3028
417012
342312
415812
318012
26712
394512
1373112
98112
548112
5119232
675912
62412
739812
172212
263112
93324
5032832
163512
4946432
164724
49224
96024
58824
80424
405312
1945512
736512
299412
97224
63024
72024
321012
170412
225612
351012
110412
100512
811212
1386612
234312
150912
20412
103812
234612
110112
438012
79212
407712
2316924
7224
180324
4824
161412
66612
33024
44112
143424
867012
217212
176424
66624
102616
127212
82212
62424
132624
172824
88224
276612
216612
102016
101416
294612
103216
103816
442224
42616
46216
39016
77112
340212
263712
141012
94512
422112
177024
343224
24012
171612
280824
90024
27624
180612
215112
194412
103212
73224
82224
433212
57624
125412
74112
169212
201612
84624
277212
137412
85224
165612
120612
173712
474624
109824
105612
234012
429012
25812
60312
18608
22208
24008
1208
23408
61524
618924
480012
37512
1389924
62416
222912
720624
368724
61816
21012
777024
7524
370212
334812
1233612
1161012
132012
146412
2722812
290712
540912
145512
290412
1471224
204012
585612
2466012
382812
544812
1141212
372912
61216
284112
63016
63616
639312
1220412
627612
764712
752112
64216
64816
65416
66016
368712
51016
53416
219012
179412
87912
1689612
517812
592512
167412
259224
281412
93024
198012
57612
183612
122424
134412
38412
14712
1630812
2058612
42016
182412
36024
175224
54024
5428832
1424412
1407012
505212
1348812
252912
39612
433812
9012
483912
413412
11712
637512
54012
581712
63012
233712
540012
642912
406812
927912
543912
659712
1097112
1162812
221412
395112
268812
856824
664512
107712
84912
1434312
587724
163228
630928
116412
195612
325812
67224
126024
75024
96624
102024
304512
45024
260412
169812
42024
48624
4224
230412
239712
251412
235812
269412
131112
163824
16824
127224
260724
9624
219912
177612
252024
154212
427812
83416
79816
77416
530424
19224
76816
78616
218112
252612
55216
190212
403812
223812
542424
47416
51616
1844712
76216
49816
50416
48016
49216
55816
44416
52816
43816
56416
57616
58816
57016
60616
637824
591924
59416
58216
54616
60016
45616
81016
73816
72016
52216
78016
81616
85212
80416
69616
89416
6040
1216512
51012
157512
265812
90312
203112
1223424
16512
103512
168912
769212
1437912
73812
35412
1634112
175512
326412
216012
915624
1824
191412
366312
728412
113112
195012
378312
423012
78312
130512
788112
1407912
368112
1000812
50712
353412
602712
44412
342612
284712
591612
28240
1240
1263012
969612
2568012
1915812
297312
656412
564912
498012
398412
2073312
2857812
1065012
4403712
64512
1923612
278712
548712
404412
639012
332712
1002312
370812
412212
504012
890728
2428
23112
787812
559212
45016
143712
127512
338412
16208
10808
13808
52808
4208
6608
25208
7208
27608
3008
27008
13208
30608
31208
51008
51608
4808
280224
145812
81624
371712
153612
96012
8712
280812
223824
166824
145212
249612
140424
178212
249912
115812
236412
649824
78912
71416
109812
1247124
823212
448212
914128
23428
38428
6928
257112
68416
75016
471612
129612
1222524
176412
900324
288612
595812
38112
1283724
340512
115212
108012
281424
665424
171312
29112
20112
174024
117624
136824
61824
278412
110424
184212
59424
106212
287412
182712
386412
790212
70512
134112
50112
277512
639912
5360432
40512
41412
66616
525012
232212
56112
361812
514224
27024
28824
15312
231612
342012
414612
421212
620
5408
608
2408
9608
7808
6008
20408
1808
21608
3608
14412
624
225624
612
17424
616
1216
1816
96016
5416
99616
8416
7216
3616
10816
9616
7816
16216
14416
20712
39012
24612
33612
147012
1798824
112824
253824
654624
247224
84012
1650024
323424
1212
912
261912
4512
3612
183912
287712
5412
2416
27016
15616
6016
12016
37816
12616
18616
6616
20416
4216
9016
3016
4816
13216
17416
22216
25816
28216
21616
24016
32416
28816
21016
13816
10216
11416
40816
22816
18016
23416
40216
38416
75616
54016
70216
30616
48616
31216
46816
41416
31816
25216
16816
30016
15016
19816
19216
115224
77424
153624
53712
154512
6012
2096112
120012
8412
10812
54912
3912
12012
135612
13812
10212
439212
228612
904812
22212
17712
960612
308412
1741212
310212
723612
865812
715812
1151412
517212
59412
42912
3012
34212
76812
127812
130812
64812
31812
9612
630912
163212
312012
117612
576612
135012
29412
2112
93912
13212
478212
1512
95412
9525612
19812
457212
89412
1958112
7212
5306432
34216
39616
289824
187824
212424
261624
210624
233424
67212
72612
52212
40812
119412
58812
151212
90612
152412
60024
55224
76224
99624
159624
190824
142812
261012
203412
135624
284412
196212
93624
144612
210012
175212
58224
241812
200412
277812
85812
95424
240924
91812
65412
329712
193224
99012
302112
190224
79224
72624
163812
272112
166812
166224
55824
215412
160812
66024
78624
9024
249012
174012
148812
16812
92424
159612
53412
289512
100224
49824
199812
78612
39624
71412
30612
34824
76212
164412
55212
140412
65424
100824
56424
31224
98424
57024
48024
50424
38424
185412
69912
99024
91224
5424
40824
88812
35424
41424
87012
98412
6024
43224
153912
45912
51612
64824
136212
78012
121212
74424
138612
37224
118212
70212
128412
79812
33624
33012
640
3040
5440
1840
48012
2440
34816
33616
895212
693012
437412
76824
157224
180624
225012
106824
143412
18012
78024
6624
269712
165012
51024
224412
100212
100812
52824
75012
210312
69612
7812
111012
1812
37216
2381412
60012
99312
247812
63912
672012
2712
37212
195312
43212
68112
26412
302412
211212
36612
52812
30012
2412
96612
360312
109512
74412
17412
22812
322212
5712
4212
14112
6312
412512
81612
45612
316212
4812
84024
256212
1492812
27312
36616
33016
29416
1036812
5529632
721812
803412
2137212
1091412
830412
872412
322812
1291212
667812
486012
1479012
1030212
795612
915612
1266012
507612
1060812
709212
168024
286812
27616
661212
5479232
5410832
65712
82824
352212
436212
160212
45624
217812
64212
279012
70812
1239012
5342432
5256032
1627812
5187632
5101232
1223412
1413624
399912
371112
128724
745512
1589412
3312
2057724
47412
151524
152112
181512
706812
106812
222312
525312
19212
83112
6612
21612
28812
238212
12612
383412
123312
295812
549912
330612
133512
456912
171012
297912
455112
13512
386712
166212
238512
294312
276312
11412
561912
86412
22512
73512
423912
268212
87312
408912
19512
481512
207024
437424
32412
494712
124212
132312
5023832
12312
16212
56412
72012
796512
752412
9312
35712
92412
167112
414912
158112
559512
807612
2145612
77412
2310624
45012
195924
267912
1335312
1968924
936912
75612
9912
312612
67812
692412
777312
27612
57012
112512
111612
262212
184812
186024
166512
93612
27012
18312
15612
156324
90012
12912
49828
227424
44424
186012
104112
79512
606624
2344524
3624
202524
36016
59112
43812
62712
28212
23412
231912
179124
15012
185112
1091424
35416
96616
108912
291912
71712
343812
97216
662412
468012
293712
174912
1257312
134712
415512
149412
265512
243612
267612
458412
69012
34812
2656524
210024
365124
227712
299112
270312
24616
205212
156612
1556124
200712
63612
240612
193212
184224
50412
680724
153012
25212
305712
354912
31212
59124
628812
168012
37812
243012
97816
132912
152712
95416
259512
94816
395412
94216
1203012
486912
1035012
472212
879624
34512
93616
534012
85512
102612
93016
773412
246012
1086312
69016
67216
70816
43216
74416
150624
271224
945612
88212
48612
87624
102012
82812
257412
18612
1516
5461232
5383832
26416
68412
226824
114612
144012
160224
156012
315612
213024
181812
122412
214212
168612
97812
486612
36012
139224
242412
46812
477612
265212
780012
789612
819012
2577612
550212
493812
515412
583212
632
54624
314112
262824
186624
174612
157212
975012
940212
1277412
4672812
834012
258612
303012
2386828
4828
179728
3028
417012
342312
415812
318012
26712
394512
1373112
98112
548112
5119232
675912
62412
739812
172212
263112
93324
5032832
163512
4946432
164724
49224
96024
58824
80424
405312
1945512
736512
299412
97224
63024
72024
321012
170412
225612
351012
110412
100512
811212
1386612
234312
150912
20412
103812
234612
110112
438012
79212
407712
2316924
7224
180324
4824
161412
66612
33024
44112
143424
867012
217212
176424
66624
102616
127212
82212
62424
132624
172824
88224
276612
216612
102016
101416
294612
103216
103816
442224
42616
46216
39016
77112
340212
263712
141012
94512
422112
177024
343224
24012
171612
280824
90024
27624
180612
215112
194412
103212
73224
82224
433212
57624
125412
74112
169212
201612
84624
277212
137412
85224
165612
120612
173712
474624
109824
105612
234012
429012
25812
60312
18608
22208
24008
1208
23408
61524
618924
480012
37512
1389924
62416
222912
720624
368724
61816
21012
777024
7524
370212
334812
1233612
1161012
132012
146412
2722812
290712
540912
145512
290412
1471224
204012
585612
2466012
382812
544812
1141212
372912
61216
284112
63016
63616
639312
1220412
627612
764712
752112
64216
64816
65416
66016
368712
51016
53416
219012
179412
87912
1689612
517812
592512
167412
259224
281412
93024
198012
57612
183612
122424
134412
38412
14712
1630812
2058612
42016
182412
36024
175224
54024
5428832
1424412
1407012
505212
1348812
252912
39612
433812
9012
483912
413412
11712
637512
54012
581712
63012
233712
540012
642912
406812
927912
543912
659712
1097112
1162812
221412
395112
268812
856824
664512
107712
84912
1434312
587724
163228
630928
116412
195612
325812
67224
126024
75024
96624
102024
304512
45024
260412
169812
42024
48624
4224
230412
239712
251412
235812
269412
131112
163824
16824
127224
260724
9624
219912
177612
252024
154212
427812
83416
79816
77416
530424
19224
76816
78616
218112
252612
55216
190212
403812
223812
542424
47416
51616
1844712
76216
49816
50416
48016
49216
55816
44416
52816
43816
56416
57616
58816
57016
60616
637824
591924
59416
58216
54616
60016
45616
81016
73816
72016
52216
78016
81616
85212
80416
69616
89416
6040
1216512
51012
157512
265812
90312
203112
1223424
16512
103512
168912
769212
1437912
73812
35412
1634112
175512
326412
216012
915624
1824
191412
366312
728412
113112
195012
378312
423012
78312
130512
788112
1407912
368112
1000812
50712
353412
602712
44412
342612
284712
591612
28240
1240
1263012
969612
2568012
1915812
297312
656412
564912
498012
398412
2073312
2857812
1065012
4403712
64512
1923612
278712
548712
404412
639012
332712
1002312
370812
412212
504012
890728
2428
23112
787812
559212
45016
143712
127512
338412
16208
10808
13808
52808
4208
6608
25208
7208
27608
3008
27008
13208
30608
31208
51008
51608
4808
280224
145812
81624
371712
153612
96012
8712
280812
223824
166824
145212
249612
140424
178212
249912
115812
236412
649824
78912
71416
109812
1247124
823212
448212
914128
23428
38428
6928
257112
68416
75016
471612
129612
1222524
176412
900324
288612
595812
38112
1283724
340512
115212
108012
281424
665424
171312
29112
20112
174024
117624
136824
61824
278412
110424
184212
59424
106212
287412
182712
386412
790212
70512
134112
50112
277512
639912
5360432
40512
41412
66616
525012
232212
56112
361812
514224
27024
28824
15312
231612
342012
414612
421212
620
5408
2408
608
14412
624
225624
612
17424
616
1216
1816
96016
5416
99616
8416
7216
3616
10816
9616
7816
20416
18616
20712
39012
24612
33612
147012
1798824
253824
654624
247224
323424
1650024
112824
84012
1212
912
261912
4512
3612
183912
287712
5412
2416
27016
16216
3016
15616
6016
12016
4816
9016
13216
6616
38416
40216
17416
28816
21016
13816
10216
11416
41416
22816
12616
15016
22216
21616
26416
23416
4216
30616
32416
43216
39616
37816
36616
33616
16816
28216
24016
6012
2096112
120012
16812
26412
22212
3912
12012
10812
14112
6312
59412
42912
30012
74412
81612
457212
54912
45612
1492812
8412
2412
64812
10212
439212
412512
360312
960612
316212
308412
1741212
310212
322212
723612
865812
715812
1151412
517212
135612
7212
3012
4812
34212
76812
127812
68412
130812
31812
9612
312012
117612
576612
135012
29412
2381412
5306432
2112
93912
13212
478212
5712
4212
1512
60012
95412
9525612
29416
25816
34816
1958112
261624
72612
67212
289824
187824
226824
52812
53712
152412
65712
55224
57024
160224
78624
9024
262212
193212
38424
60024
90024
55824
181812
34824
128412
79812
35424
41424
76224
99624
163212
261012
203412
142812
69612
236412
96024
277812
85812
75012
210312
180624
48012
100224
54624
39624
48024
50424
199812
78612
249912
115812
62424
55212
140412
95424
45024
4224
72624
6024
43224
169212
57624
122412
70212
37224
2440
5440
1840
640
3040
1812
37216
269712
165012
143412
18012
58224
17412
8712
96012
43212
68112
111012
109512
211212
302412
36612
22812
13812
216024
212424
274812
193224
329712
87624
163812
200412
135624
165612
190224
159624
190824
53412
166224
437424
220512
159612
118212
247812
82824
96612
228612
84024
321012
256212
49824
106824
119112
76824
87012
98412
136212
181212
74424
100824
120612
76212
213024
98424
99024
91224
33012
5424
77424
227424
180312
78012
40224
127212
82212
45624
217212
99012
141012
52824
51024
122424
340212
234012
34216
46216
35416
45616
25216
27616
18016
1036812
5529632
583212
157212
789612
493812
550212
2577612
477612
661212
819012
265212
940212
515412
807612
507612
915612
795612
780012
1630812
46812
36016
33016
31816
630912
31216
30016
186624
436212
160212
279012
70812
93624
24616
371712
19816
19216
27624
169812
64212
14416
207024
314112
33624
49828
84624
271224
803412
1091412
322812
667812
5479232
5410832
151212
225012
5342432
5256032
1407012
5187632
1424412
5119232
5032832
249012
174012
79224
186024
64824
284412
196212
185412
69912
3312
2057724
19212
2310624
151524
195924
13512
73512
83112
47412
171012
252912
238212
413412
549912
132312
104112
37812
351012
222312
525312
540912
181512
383412
123312
295812
44112
637512
17712
54012
9012
6612
7812
11412
12612
581712
330612
472212
86412
39612
423912
407712
543912
659712
65412
433812
90012
483912
22512
12312
2656524
210024
21612
27012
87912
19512
2712
63012
166212
163512
111612
106812
739812
233712
234312
100212
100812
58824
20412
119412
171612
153012
585612
540012
879624
642912
43812
15612
15012
27612
25212
628812
144612
62712
134712
37512
343812
31212
59112
32412
455112
39024
91812
30612
75612
143424
184224
1162812
59124
112512
23412
124212
156324
126024
75024
9912
1097112
28812
11712
102612
312612
224412
240924
293712
2316924
239712
7224
57012
180324
4824
16212
427812
649824
265512
262824
172824
227712
21012
263712
664512
221412
415512
325812
25812
233424
216612
37212
291912
63612
438012
34812
88212
406812
152112
56412
1203012
85512
110112
395412
267612
365124
154512
63912
108912
93612
88224
102012
82812
94512
1316124
168024
45012
132012
627612
36012
156012
468012
146412
458412
78312
130512
1223424
395112
39016
71712
168012
276612
927912
162624
720624
88812
379812
614412
257112
136812
1471224
138624
780024
154824
420624
727224
549924
134424
92424
186012
397824
151224
94224
1155324
86112
369324
1516
5461232
5383832
1808
10808
4208
81624
145212
44424
183612
134412
40812
168612
486612
72012
52212
97812
242412
58812
223212
99312
672012
19812
51016
70216
53416
289512
65424
249612
116412
90612
272112
166812
175812
280224
904812
138612
80424
277212
132024
10824
215412
160812
170412
225612
9624
110412
100512
93024
217812
40824
215112
2058612
1266012
709212
486012
5401832
5333432
5238032
733812
838212
1483812
5169632
5074232
362412
458712
58212
172212
87312
133512
75912
101412
456912
262812
116712
168312
474624
109824
67812
104712
285612
246012
203112
366312
372912
77412
1968924
15912
69012
179124
60312
606624
79512
354912
93012
78912
856824
498012
95416
103812
50412
150912
530424
19224
96616
442224
231912
97216
286212
1091424
51012
84912
48616
94816
94216
93616
936912
93016
517512
28212
245412
234612
92416
777024
7524
91816
131112
792312
823212
154212
342012
548712
91216
90616
90016
89416
88816
88216
87616
821112
833112
87016
86416
85816
16512
85216
408912
84616
84016
45016
83416
82816
82216
81616
81016
80416
267912
79816
48612
79216
90312
48912
78616
123012
105912
371112
98112
548112
78016
46212
77416
76816
184212
270312
76216
1413624
128724
75616
75016
74416
73816
73216
75312
121512
72616
403812
72016
71416
70816
6040
69616
69016
68416
67816
67216
66016
65416
64816
64216
63016
62416
61816
61216
60616
2386828
4828
179728
3028
184812
208812
60016
59416
58816
58216
57616
56416
55816
55216
54616
54016
52816
52216
51616
50416
49816
173712
49216
258612
303012
145512
182712
48016
43816
42616
40816
44416
47416
46816
42016
166512
134112
386412
119712
195312
152712
269412
107712
18312
319812
278712
692412
243612
575112
547812
180612
2344524
3624
202524
70512
140424
24012
35412
117012
915624
9312
1824
40512
318012
26712
394512
73812
41412
29112
50112
235212
12912
148212
290712
525012
421212
251712
105612
414612
36024
156612
69312
150612
165912
639312
1220412
423012
175212
176424
231612
157512
265812
1407912
386712
150012
342612
284712
591612
1000812
98712
368112
297912
44412
429012
680724
259512
197112
194412
54024
50712
422412
297312
103512
149412
257412
332712
89412
191412
129612
299112
656412
595812
243012
137412
168912
560112
79212
777312
668112
1335312
1101912
277512
63616
752412
174912
1035012
544812
1086312
1141212
398412
263112
404412
534012
18612
258012
10512
20112
253212
300612
102912
167412
278112
519312
639912
222912
118812
78024
6624
522912
127224
325212
31224
368712
412212
434712
350112
284112
182412
61224
251412
121212
85212
38412
161412
66612
1182624
210012
235812
148812
219012
72024
343224
39312
219612
202812
1434312
1556124
305712
9608
9008
7808
16808
6008
21008
21608
3608
153624
115224
16208
6608
25208
24608
1208
114612
144012
145812
299412
188412
233412
96624
102024
240612
53424
175224
315612
286812
201612
214212
174612
37824
48624
178212
132612
139812
27312
895212
693012
85224
106212
721812
2137212
2973612
153912
45912
139224
304512
195612
5101232
505212
4946432
975012
260724
1006224
1401024
200712
66012
77112
219912
480012
177612
252024
268212
109812
177024
190212
66616
34512
1216512
311112
459312
769212
1258812
1437912
132912
304212
2382312
14712
206112
486312
422112
108012
115212
1283724
97824
85824
28240
29440
352212
345312
92412
35712
167112
74712
185112
706812
466512
207312
200112
408612
91212
334812
370212
662412
1257312
564912
71412
86712
154812
491112
49812
131412
44712
197712
229212
141312
286512
47712
383112
500412
450312
404112
890728
2428
54312
278412
81012
392412
1222524
620
2408
5408
608
1208
4208
3632
158412
616
1216
1816
97816
5416
101416
8416
7216
3616
10816
9616
7816
19816
18016
86412
65412
91812
34812
48012
1798824
877212
82512
323424
275424
154824
53712
154512
7812
5412
2416
27016
16216
3016
15616
6016
12016
20416
9016
4816
17416
6616
18616
31816
34816
30616
13816
48616
41416
43216
32416
29416
37816
27616
21616
22216
28816
4216
19216
22816
16816
21016
11416
25216
45616
10216
36616
38416
120912
1428324
12616
28216
13216
45016
15016
9608
7808
15608
1808
6008
16208
3608
9008
24616
25816
51016
24016
26416
34216
1556124
156612
176424
35424
314112
605412
313212
112824
23416
51616
138624
98424
87624
287712
14412
6012
2096112
120012
68412
13212
1492812
54912
64812
99312
84012
127812
130812
135612
457212
3612
79212
3912
58812
478212
10812
960612
308412
1741212
322212
723612
865812
715812
1151412
517212
316212
310212
7212
34212
76812
9612
5461232
312012
576612
135012
29412
2381412
117612
9525612
289824
212424
187824
2177112
135624
352212
152412
82824
359412
153612
261624
189012
193212
67212
55224
168024
55824
160224
289512
81024
111612
33616
74424
37224
99624
100224
73824
76224
228012
82212
217812
64212
124212
70212
57624
45624
272112
166812
49824
38424
57024
138612
76212
48024
50424
2440
5440
1840
640
210624
65712
51612
30612
171012
63612
3040
54024
193224
151212
225012
100212
100812
100824
36024
144612
281412
80424
180624
58824
46824
95424
198012
57612
90612
19212
377412
145212
16812
82224
12012
412512
69012
14112
45612
4812
8412
4212
93912
6312
75612
202812
15012
56424
157212
5712
74412
111012
3920112
360312
266412
15612
22212
42912
1958112
96612
59412
2412
1212
30012
26412
78024
186024
109512
17412
195312
278412
340812
99012
302112
103212
58224
137412
302412
119412
72612
43212
68112
136224
160812
230412
52812
211212
36612
22812
216024
84624
159612
190224
200412
63012
115212
147612
93624
371712
88812
214212
34824
153912
45912
71412
40812
207024
60024
170412
225612
102612
40824
78012
98412
41412
91224
13812
49828
39624
72624
110412
100512
1147512
10212
233424
895212
693012
106212
184212
220212
672012
247812
143412
18012
67224
72012
42024
69612
33016
1036812
5529632
940212
493812
550212
583212
1630812
807612
515412
661212
2577612
1266012
795612
819012
709212
2058612
915612
477612
507612
667812
486012
265212
322812
1479012
630912
163212
54624
31224
780012
240612
122424
174612
39024
39324
182412
1091412
830412
195612
325812
251412
78612
260412
239712
803412
721812
1291212
9628
64228
66024
79224
264912
5479232
261012
203412
159624
190824
85812
53412
93024
5410832
5342432
99024
33012
5256032
199812
1424412
1407012
5187632
5101232
739812
5032832
1413624
128724
47412
472212
39612
423912
543912
252912
123312
295812
330612
433812
90012
483912
238212
104112
407712
12612
6612
11412
222312
3312
73512
549912
351012
37812
75012
83112
540912
525312
383412
181512
413412
140412
637512
17712
54012
9012
581712
12312
22512
1348812
455112
132312
27012
87912
44112
180612
21612
163512
66624
11712
147012
233712
13512
41424
437412
224412
19512
156324
59124
234312
585612
32412
540012
43812
406812
1162812
23412
642912
291912
1097112
28812
9912
56412
468012
246012
25212
4946432
1203012
31812
62712
415512
265512
168012
927912
57012
88212
132912
112512
231912
219012
628812
37216
36012
31216
67812
1283724
340512
108012
24612
2310624
2656524
210024
354912
143424
195924
659712
108912
166212
106812
81612
438012
312612
269112
27612
20412
59112
299712
30016
87012
153012
166512
664512
692412
680724
752412
534012
1434312
31212
293712
221412
14416
35416
132012
200712
1086312
458412
216612
94512
21012
131112
267912
38112
1844712
305712
271224
45012
243012
548712
1650024
214224
16824
279924
616212
558012
101424
1516
5383832
313228
558028
82528
280224
262212
84024
240924
158424
152424
235824
269712
165012
168612
367212
195012
306612
76824
102024
116412
142812
213024
486612
96024
223212
183012
18612
210612
51024
65424
6624
134412
264012
5424
210312
789612
46812
242412
150624
2145612
262824
1060812
61224
163228
76228
225028
37212
164724
49224
10828
152428
23428
300012
148812
193228
16828
305112
109212
100828
5428832
975012
2057724
151524
2316924
7224
180324
4824
505212
28212
110112
84912
429012
172824
42012
256212
321012
2386828
4828
179728
3028
152112
119112
277812
856824
78912
85512
134712
442224
252612
395112
343812
184224
914128
38428
6928
31512
294612
19812
90312
146412
288012
345612
39016
307812
206412
55212
612
3012
60012
1512
2112
36016
150912
823212
348612
1222524
217212
632
50712
777312
259512
1216512
1141212
639312
34512
1220412
319812
234612
89412
1035012
175512
326412
486912
39616
40216
47416
42016
48016
420624
475812
556212
213624
153624
136824
90024
280824
186624
148212
223824
166824
73224
194412
249012
174012
64824
128412
79812
2137212
872412
1030212
27624
480012
304512
207012
14712
33624
284412
196212
185412
69912
2344524
3624
202524
368712
627612
92424
257412
71712
606624
79512
88224
81016
70216
60016
57016
720624
514224
27024
28824
54616
162012
52816
53416
1091424
427812
205212
50412
263712
263112
429612
405312
498012
179412
103812
25812
152712
222912
33612
72616
72016
67216
61216
197412
1316124
59416
42616
46816
93012
8448
7524
77112
219912
37512
232512
43816
49216
39312
192612
257112
777024
2712
1812
4512
95412
267612
403812
1335312
44412
126612
190212
252024
19224
624
268212
175224
132624
44416
64816
58216
86416
67816
108016
54016
97216
75616
82216
82816
81616
171312
79816
80416
78616
89416
76216
62416
1410024
186012
73216
63016
69016
61816
57616
60312
544812
708324
49812
40212
107712
2382312
65416
6040
24012
120612
20112
29112
203112
44424
16212
74712
9312
87312
185112
134112
167112
207312
200112
408612
172212
103512
35712
262812
51012
10512
1223424
175212
474624
109824
706812
370212
334812
33912
124512
186912
1968924
93324
86712
133512
277512
466512
517512
792312
386712
168912
276012
332112
422112
342012
372912
890728
2428
1257312
639912
366312
82812
104712
52212
28240
97812
62424
81624
127224
273012
23712
253824
654624
247224
226824
169212
157812
45024
4224
101412
206112
140424
423012
56416
55816
55216
52216
50416
49816
46216
40816
279012
70812
436212
160212
286812
456912
297912
93612
796512
294312
276312
399912
371112
414912
158112
561912
745512
559512
174912
639012
408912
936912
12912
494712
243612
1182624
18312
557112
179124
165612
395412
92412
276612
66016
131412
144012
129612
48612
270312
773412
945612
58212
113112
378312
118812
481512
581412
303612
673812
360012
8712
96012
81912
592512
222612
280812
1153512
83712
382512
170112
138312
353712
360612
309012
655212
867012
375912
139212
421212
238512
290712
414612
525012
172512
736512
900324
1233612
144912
220512
2145912
982212
400812
453612
1232712
1689612
517812
3871512
274812
580812
342612
284712
591612
1258812
413112
560112
668112
382812
311112
1101912
2722812
1161012
119712
477912
1437912
769212
141012
177612
218112
164412
2466012
259212
63912
191412
620
5408
608
2408
1208
4208
9608
7808
13208
1808
19208
6008
19808
3608
3632
158412
616
1216
1816
97816
5416
101416
8416
2416
10816
4816
103816
117016
13816
6608
7816
15016
13216
65412
91812
34812
48012
102612
154512
1798824
67212
168024
733524
193224
87624
323424
7812
86412
5412
27016
16216
3016
15616
9616
6016
12016
20416
3616
7216
6616
9016
22216
10216
18016
24616
33016
36016
16816
4216
21616
11416
25216
28816
22816
30616
31816
35416
19816
21016
14416
23416
25816
32416
43216
12616
318624
552624
54016
26416
47416
102016
624
17416
301824
615624
52824
220212
55224
367212
23412
76224
72612
261624
116412
99624
185412
69912
49824
40812
75012
210312
53712
136224
69612
9612
84024
289824
100824
34824
264912
152412
49828
19212
40224
70212
40824
209412
84012
199812
78612
100224
64812
14412
48024
50424
57624
98424
3612
14112
22212
74412
8412
36612
52812
16812
26412
10812
30012
1212
412512
1147512
302412
322212
109512
211212
266412
457212
54912
6312
1492812
19812
17412
22812
58812
2177112
37212
12012
2412
195312
43212
68112
3920112
96612
13812
71712
42912
7212
4812
34212
76812
127812
68412
130812
6012
117612
576612
135012
29412
312012
5461232
99312
157212
13212
478212
4212
111012
5712
9525612
2096112
5440
640
24016
360312
1958112
3912
10212
135612
2440
1840
269712
165012
143412
18012
58224
72624
39624
110412
100512
93912
2381412
247812
228612
672012
151212
225012
187824
55824
288012
345612
79212
15612
36912
135624
163812
200412
38424
74424
169812
64212
1151412
316212
310212
69012
45612
42012
289512
170412
225612
160224
60024
37224
960612
715812
1741212
122424
141012
76212
308412
723612
865812
314112
517212
57024
242412
53412
33012
142812
45624
78012
44424
287712
180624
95424
33616
213024
87012
98412
12612
72012
183012
18612
18616
19216
73212
105024
1036812
5529632
28216
789612
2577612
477612
819012
46812
265212
780012
507612
661212
27616
915612
550212
493812
632
8448
34816
34216
31216
30016
29416
630912
163212
233424
54624
36024
207024
54024
190224
100212
100812
262824
93624
99024
91224
80424
58824
186624
239712
300012
193212
214212
261012
203412
5479232
5410832
233712
234612
203112
3312
267912
483912
120012
642912
168012
423012
120612
166212
47412
1220412
106812
28812
433812
90012
43812
9912
6612
25212
56412
151524
639312
67812
246012
330612
31812
119412
75612
57012
110112
85512
31212
152112
243612
124212
1413624
150612
165912
46212
128724
319812
81612
134712
293712
111612
11412
525312
56424
83112
19512
44112
112512
186012
184224
278712
1335312
668112
560112
36012
580812
206112
15012
20412
422412
290712
549912
238212
222312
123312
172212
16512
12912
414612
421212
525012
138912
1101912
82212
27012
24612
148212
94512
9312
24012
35412
40512
14712
17712
104112
251712
16212
41412
9012
12312
156612
45012
407712
140412
216612
37512
269112
1968924
1437912
1258812
85812
415512
27612
265512
311112
259512
59112
354912
291912
382812
50412
257412
458412
37812
267612
386412
659712
252912
5342432
62712
60312
312612
59412
343224
468012
269412
1203012
58212
156324
5256032
692412
89412
145512
103812
474624
109824
227712
769212
28212
777312
222912
150912
21612
231912
343812
39312
258612
303012
33612
1091424
21012
177024
2057724
132912
459312
93612
108012
115212
427812
1283724
179412
205212
