62712
63712
67212
67812
69612
75012
76212
78012
78612
81612
85212
90512
100212
100512
100812
102012
110412
111612
115812
119412
127212
130512
134412
136212
138612
141012
148812
151212
152412
170412
171612
182412
185412
188412
201612
210312
214212
215112
223812
225012
236412
263712
264012
277212
277812
280812
283812
286812
287712
304512
313212
315612
316212
325212
329712
4224
34824
37224
38424
39624
40824
44424
45024
46824
48024
49824
50424
55224
57024
58224
58824
64824
66024
74424
84024
91224
95424
99024
100224
108024
126024
160224
168024
172824
207024
247224
247824
253824
261624
280224
289824
