14412
201024
900324
1321224
700524
2057124
635724
823824
811824
2316924
813924
1664124
1413624
429024
154824
700524
1621224
851124
110112
2310624
1968924
239124
847524
851124
879624
900324
680724
195924
847524
623724
109824
2057724
2656524
804924
1698024
1419624
1413624
2316924
1785324
2194524
813924
1810224
900324
206724
1413624
804924
879624
623724
807624
1222524
2612424
4824
180324
210024
128724
151524
915624
202524
2344524
1223424
1824
5440
185124
11111111
158424
203124
178224
2386828
1215324
2312424
1111224
165624
1121124
10824
38424
1143924
2296824
312924
1132524
2009124
192024
176124
267324
57024
1881324
1085724
201028
2502924

2125224
6024
1648828
