608
620
175512
120012
127512
83712
518112
7212
429612
276012
74412
76812
28512
170112
228312
309012
360612
282612
433812
294312
117612
22216
87624
83112
200112
258612
557112
427512
278112
3012
253212
167412
803712
37812
362412
237612
124512
33912
207312
637512
496524
576612
29412
2381412
303612
70812
248112
50412
247224
93312
830412
721812
1291212
872412
153624
4293012
1479012
1091412
486012
1239012
7812
31812
360012
276612
42912
915612
795612
322812
1266012
135012
312012
667812
308412
516612
3616
195012
113112
64512
190212
1133412
692712
367812
235812
1094712
1789212
456012
485112
1578312
48012
15012
5412
6016
86712
6764712
4029912
86412
184812
427812
20412
386412
575112
675912
64812
77412
172212
46812
21012
130812
6012
56412
168024
60012
4212
127812
181512
30012
596112
21912
47712
198012
798012
112512
546012
7216
425112
185712
84012
32412
82812
624
19224
3612
44112
4812
38424
75312
26712
318012
106812
233712
29112
69312
150612
1216
54912
36012
34212
70212
141612
168312
64212
821112
74712
111612
383112
16816
179112
323424
606624
197712
37212
138312
382512
17416
395112
276312
170712
7524
177612
414912
115212
158112
343224
124212
133212
14112
342312
371112
79816
12012
98112
186012
565512
342612
284712
6928
326412
192612
9624
62412
169512
51012
143712
216012
157512
76212
399912
21612
223512
401112
540012
16812
30612
120612
89412
182728
258012
5256032
296712
764712
2306412
