608
616
620
640
1216
1816
1840
2416
2440
3016
3632
4216
4816
5416
5440
6016
6616
12616
19216
20416
22816
27016
30616
5238032
5306432
624
5424
19224
38424
323424
1006224
7524
3624
68424
7224
42024
9624
1091424
1182624
606624
1283724
11111111
1410024
1428324
1247124
530424
1316124
637824
1650024
777024
134412
1741212
960612
1741212
310212
723612
591924
618924
61524
3177012
134412
720624
252024
1556124
232812
9612
186012
27024
856824
265512
