
00 00 00 00 00 00 00 00 09 00 00 00 0E 00 00 00 FF FF FF FF 00 00 00 00 00 60 18 7C F8 C7 BF 9E 
3C C8 BF 9E 00 60 18 7C 01 00 00 00 00 00 80 3F 00 00 0C 42 00 80 DD 43 00 00 00 00 00 00 5C 42 
E8 D5 12 3F 01 00 00 00 00 00 00 00 00 00 00 00 00 00 00 00 00 00 00 00 00 00 00 00 00 00 00 00 
00 00 00 00 00 00 80 3F 00 00 00 41 00 C0 EF 43 00 00 96 43 00 00 96 43 00 60 6A 47 00 00 16 44 
00 00 00 46 00 00 00 00 00 00 00 40 00 00 00 00 00 00 00 00 00 00 00 45 00 00 00 00 00 00 96 43 
00 00 00 00 CD CC 4C 3D 00 00 00 40 00 00 C8 41 00 00 00 00 00 00 20 42 00 00 80 3F 00 00 00 00 
00 00 A0 41 00 00 00 00 00 00 B4 43 00 00 00 00 24 36 00 00 00 00 00 00 00 00 00 00 00 00 00 00 
00 00 C8 42 01 01 00 00 01 00 00 00 00 00 80 3F 00 00 FA 43 00 60 EA 45 00 00 40 BF 00 00 80 3F 
00 00 80 BF 00 00 7A 43 00 00 20 40 00 00 00 00 00 00 00 3F 00 00 00 3F 00 00 00 00 00 00 00 00 
00 00 00 00 3B E3 A0 48 5B 7D CE 46 66 D2 F1 42 00 00 00 00 00 00 00 00 00 00 00 80 00 00 00 00 
8E FE 25 BF AE E3 42 3F 00 00 00 00 00 00 00 00 00 00 00 00 00 00 00 00 00 00 00 00 00 00 00 00 
00 00 00 00 00 00 00 00 00 00 00 00 00 00 00 00 00 00 00 00 00 00 00 00 00 00 00 00 CD CC CC 3D 
08 00 00 00 00 00 FA 43 00 00 C8 42 00 00 C8 42 00 00 00 40 CD CC CC 3D 02 2B 07 3D 0A D7 23 3D 
02 2B 07 3D 0A D7 23 3C 0A D7 23 3C 00 00 80 43 00 00 C0 43 02 00 00 00 00 00 80 40 00 00 00 00 
03 21 89 9F 64 4C 09 40 00 00 00 00 00 00 00 00 01 00 00 00 13 55 3C 3E CE 3F FE 40 3B E3 A0 48 

						x：			y：			
5B 7D CE 46 69 EE E1 42 17 E1 A0 48 BC 68 CE 46 
z：
97 96 19 42 A9 23 12 3F 4E F9 AF 3E EB E2 3E 3F 
D7 24 12 3F 85 F8 AF 3E 31 E2 3E 3F 3B E3 A0 48 
5B 7D CE 46 66 D2 F1 42 3B E3 A0 48 5B 7D CE 46 
F2 6B 9B 42 00 00 00 00 FF FF FF FF FF FF FF FF 
00 00 00 00 6B 0D 03 00 A9 39 00 00 3F 0D 03 00 
A2 36 00 00 00 00 00 00 00 00 00 00 00 00 00 00 
FF FF FF FF 00 00 00 00 01 04 01 1F 90 10 00 00 
00 00 00 00 00 00 00 00 00 00 00 00 F8 68 5C C4 [<==F8 68 一直变化]

00 00 FA 43 00 00 00 00 00 00 00 00 00 00 00 00 
特征码：
00 00 00 00 01 00 00 00 FF FF FF FF 00 00 00 00 00 00 00 00 00 00 00 00 00 00 00 00 00 00 00 00 00 00 00 00 00 00 00 00 00 00 00 00 00 00 00 00 00 00 00 00 00 00 00 00 00 00 00 00 00 00 80 3F 

00 00 00 00 00 00 00 00 00 00 00 00 00 00 00 00 00 00 00 00 00 00 00 00 00 00 00 00 00 00 00 00 
00 00 00 00 00 00 00 00 00 00 00 00 00 00 00 00 00 00 00 00 00 00 00 00 00 00 00 00 00 00 00 00 
00 00 00 00 00 00 00 00 00 00 00 00 00 00 00 00 00 00 00 00 00 00 00 00 00 00 00 00 00 00 00 00 
00 00 00 00 00 00 00 00 00 00 00 00 00 00 00 00 00 00 00 00 00 00 00 00 00 00 00 00 00 00 00 00